1 4 0 1 8
2 7 8 7 7
3 5 8 6 6
4 0 1 8 4
5 8 7 6 7
6 6 6 8 7
7 0 0 4 2
8 8 8 8 8
9 7 5 7 7
10 0 3 5 2
11 7 8 5 5
12 7 6 5 7
13 8 7 5 8
14 8 8 8 5
15 7 6 8 8
16 3 8 2 0
17 0 1 7 2
18 3 0 1 8
19 8 8 7 7
20 0 2 8 4
21 8 1 0 4
22 8 4 0 4
23 4 8 2 0
24 8 7 7 8
25 6 8 7 8
26 6 7 8 7
27 3 8 1 0
28 0 0 2 2
29 8 7 5 6
30 1 7 1 0
31 5 7 8 8
32 0 2 2 0
33 7 7 8 7
34 7 7 7 5
35 5 1 0 1
36 4 7 1 0
37 3 7 4 0
38 8 7 8 7
39 5 7 6 5
40 8 8 7 6
41 6 6 8 7
42 8 5 7 8
43 8 7 8 7
44 0 0 3 3
45 0 4 7 3
46 7 7 8 8
47 2 7 3 0
48 8 7 5 6
49 1 0 4 8
50 7 7 8 7
51 7 7 8 8
52 7 7 7 8
53 4 8 2 0
54 8 1 0 2
55 8 7 8 8
56 3 0 1 7
57 0 3 6 3
58 7 8 8 6
59 4 0 2 7
60 8 8 7 7
61 0 2 5 3
62 8 6 8 8
63 5 7 7 7
64 8 8 7 7
65 7 8 7 7
66 7 5 8 7
67 3 8 1 0
68 7 8 8 7
69 8 4 0 2
70 6 6 5 7
71 0 1 8 3
72 3 7 4 0
