1 1 17 0 0
2 1 5 0 0
3 9 17 0 0
4 17 9 0 0
5 2 1 0 1
6 10 9 0 1
7 6 1 0 1
8 6 13 0 1
9 11 17 0 1
10 7 5 0 1
11 15 9 0 1
12 8 5 0 1
13 8 13 0 1
14 21 5 0 1
15 10 1 0 9
16 18 17 0 9
17 14 13 0 9
18 19 13 0 9
19 7 9 0 9
20 15 9 0 9
21 4 5 0 9
22 12 1 0 9
23 12 13 0 9
24 20 1 0 9
25 21 1 0 9
26 2 9 0 17
27 2 17 0 17
28 10 17 0 17
29 18 17 0 17
30 7 13 0 17
31 15 9 0 17
32 20 17 0 17
33 8 9 0 17
34 8 5 0 17
35 16 13 0 17
36 22 5 0 17
37 18 1 0 5
38 3 13 0 5
39 11 13 0 5
40 19 9 0 5
41 19 17 0 5
42 15 1 0 5
43 15 9 0 5
44 15 17 0 5
45 4 1 0 5
46 20 5 0 5
47 8 5 0 5
48 16 5 0 5
49 2 13 0 13
50 10 1 0 13
51 10 9 0 13
52 6 1 0 13
53 7 5 0 13
54 4 5 0 13
55 4 13 0 13
56 8 17 0 13
57 16 1 0 13
58 16 13 0 13
59 21 9 0 13
60 22 17 0 13
61 6 18 2 2
62 14 7 2 2
63 10 3 2 10
64 2 8 2 18
65 18 22 2 18
66 14 14 2 18
67 11 10 2 18
68 20 6 2 18
69 22 8 2 18
70 3 7 2 3
71 7 12 2 3
72 14 18 2 11
73 15 4 2 11
74 20 15 2 11
75 8 3 2 11
76 14 15 2 19
77 19 15 2 19
78 3 16 2 7
79 20 3 2 7
80 16 21 2 7
81 19 18 2 15
82 18 18 2 4
83 11 4 2 4
84 18 19 2 12
85 6 14 2 12
86 8 12 2 12
87 16 20 2 12
88 2 21 2 20
89 6 22 2 20
90 4 16 2 20
91 11 12 2 8
92 19 15 2 8
93 19 4 2 8
94 4 21 2 8
95 12 14 2 8
96 21 3 2 21
97 4 19 2 22
98 20 8 2 22
99 21 6 2 22
100 22 21 2 22
101 12 15 10 10
102 12 16 10 10
103 16 19 10 10
104 22 6 10 10
105 4 15 10 18
106 3 8 10 6
107 19 8 10 6
108 4 15 10 6
109 16 11 10 6
110 15 12 10 14
111 12 15 10 14
112 20 19 10 3
113 20 16 10 3
114 14 4 10 11
115 7 12 10 11
116 12 11 10 11
117 22 16 10 11
118 3 21 10 19
119 16 12 10 7
120 8 22 10 15
121 14 22 10 4
122 6 16 10 20
123 14 19 10 20
124 20 15 10 20
125 12 22 10 8
126 21 15 10 8
127 14 6 10 16
128 19 21 10 16
129 4 3 10 16
130 20 8 10 16
131 6 20 10 21
132 12 14 10 21
133 14 16 10 22
134 11 4 10 22
135 4 3 10 22
136 16 20 10 22
137 20 7 18 18
138 6 3 18 6
139 6 11 18 6
140 6 12 18 6
141 19 21 18 6
142 15 6 18 6
143 16 12 18 6
144 21 21 18 6
145 3 4 18 14
146 18 12 18 3
147 18 22 18 3
148 3 14 18 3
149 15 12 18 3
150 6 11 18 19
151 4 22 18 19
152 11 11 18 7
153 11 19 18 7
154 22 16 18 7
155 7 7 18 4
156 7 12 18 4
157 22 7 18 4
158 7 16 18 20
159 8 6 18 20
160 21 21 18 8
161 6 20 18 16
162 14 20 18 16
163 15 11 18 22
164 4 16 18 22
165 3 4 6 14
166 4 8 6 14
167 3 3 6 11
168 11 15 6 19
169 19 21 6 19
170 4 8 6 7
171 20 16 6 7
172 21 11 6 7
173 15 15 6 15
174 12 20 6 15
175 7 21 6 4
176 7 19 6 12
177 14 4 6 20
178 12 16 6 8
179 8 15 6 8
180 7 16 6 16
181 11 16 6 21
182 7 11 6 21
183 19 8 14 14
184 22 7 14 3
185 19 12 14 11
186 8 8 14 11
187 21 7 14 19
188 14 21 14 7
189 3 19 14 7
190 16 19 14 7
191 3 3 14 15
192 15 20 14 15
193 11 7 14 4
194 21 11 14 12
195 21 22 14 12
196 22 15 14 12
197 11 22 14 20
198 19 8 14 20
199 20 20 14 20
200 19 3 14 8
201 21 8 14 16
202 22 7 14 16
203 12 19 14 21
204 12 8 14 21
205 16 3 14 21
206 22 21 14 21
207 22 7 3 3
208 19 22 3 11
209 8 15 3 11
210 11 19 3 7
211 16 15 3 7
212 3 16 3 15
213 8 8 3 4
214 3 20 3 12
215 4 22 3 12
216 22 21 3 12
217 19 15 3 20
218 4 12 3 16
219 11 4 3 21
220 11 16 3 22
221 21 21 3 22
222 21 22 3 22
223 12 22 11 11
224 20 7 11 11
225 16 15 11 11
226 19 15 11 7
227 12 12 11 7
228 19 8 11 4
229 7 22 11 20
230 16 8 11 20
231 12 20 11 8
232 12 21 11 8
233 19 20 19 19
234 16 4 19 7
235 7 4 19 4
236 7 20 19 4
237 12 15 19 4
238 4 16 19 12
239 15 22 19 20
240 21 15 19 20
241 7 21 19 8
242 4 21 19 8
243 15 12 7 15
244 20 8 7 15
245 22 20 7 4
246 16 22 7 21
247 21 22 15 15
248 12 4 15 4
249 4 21 15 12
250 16 21 15 20
251 22 8 4 4
252 8 12 4 12
253 16 20 12 8
254 21 16 20 16
255 16 22 20 22
256 21 22 8 22